0 4520 3
172 4520 3
344 4520 3
516 4520 3
688 4520 3
860 4520 3
1032 4520 3
172 4420 3
172 4290 3
860 4420 3
860 4290 3
344 4030 1
688 4030 1
516 3900 2
0 3900 3
100 3770 3
1032 3900 3
1032 3770 3
1032 4030 2
0 4030 2
1032 3510 1
860 3770 3
516 3640 3
172 3640 2
344 3510 3
172 3120 1
0 2990 3
0 3120 3
688 2990 3
516 2990 3
860 2990 2
688 3250 2
400 3380 3
0 3250 2
860 2600 3
860 2470 3
688 3510 1
516 2470 2
172 2470 1
0 2470 3
172 2730 3
172 2860 3
516 2730 3
860 1690 1
688 1820 1
344 1950 2
1032 2600 2
860 2080 3
172 1820 3
0 1950 3
172 1690 3
344 2210 2
172 2210 2
1032 1430 3
860 1430 3
688 1430 3
172 1430 3
0 1430 3
172 1300 3
344 1300 3
344 910 1
172 1040 1
688 1040 2
1032 1040 2
860 1040 3
860 1170 3
0 520 3
172 520 3
1032 520 3
860 520 3
344 260 1
1032 2210 3
1032 260 2
516 260 3
860 260 3
0 260 2
688 260 1
344 520 2
516 3250 2
860 2210 3
516 650 3
860 650 3
